-119558.18844912146,99832.31329707381,-90271.41100602818,134593.14973702104,0 
-126477.1412617809,108319.35603769303,-97688.6634432657,144450.2271780978,0 
-138066.1944735294,117129.88539809047,-106499.19280366317,154649.8220898765,0 
-145364.27894916892,126273.04382270556,-114309.16485479086,165200.44103608164,0 
-157707.13707086572,135749.06970294943,-123785.19073503473,176110.01187854883,0 
-178203.61589354396,155712.02004744252,-141904.98098948284,198970.09309517866,0 
-185523.23877790495,166207.55581082273,-149804.49334116545,210928.58161189163,0 
-199301.87595299404,177046.49034514005,-160643.4278754828,223239.52048585055,0 
-206490.48570077057,188219.03179925945,-168468.2250364531,235892.780857643,0 
-220965.67694230418,199721.99980841347,-179971.19304560722,248884.91685200945,0 
-228038.0492453346,211557.1662016958,-187737.23346589613,262217.89521663246,0 
-243203.07246341681,223716.5599620368,-199896.62722623718,275884.0880255712,0 
-696935.7132049559,842253.3549088769,-625614.6428334909,950641.7270848824,0 
-3593508.919124146,4046104.0775875286,-2586075.2111866707,4679928.123243722,1 
-3663100.354966957,4098542.6927133054,-2638513.8263124474,4740072.273546094,1 
-3683375.2219355926,4151378.645419147,-2648114.0919375154,4800656.898219584,1 
-3753942.9368224014,4204640.881086258,-2701376.3276046277,4861710.198990965,1 
-3774404.003730586,4258271.62615273,-2711012.5055368263,4923173.791514165,1 
-3845905.0603302587,4312317.418238902,-2765058.297622999,4985094.463469266,1 
-3866527.109880164,4366837.44296599,-2774722.535900698,5047523.221562212,1 
-3939224.330086143,4421960.462935359,-2829845.555870067,5110592.562329231,1 
-3960361.1452234243,4477755.6178623075,-2839896.033353919,5174377.848885765,1 
-4034398.105942367,4534086.681938052,-2896227.097429664,5238738.847482033,1 
-4055628.7912652437,4590973.617196362,-2906466.9073786074,5303735.126041902,1 
-4131046.1921240324,4648439.226231101,-2963932.516413347,5369370.8632065775,1 
-4152295.1308465246,4706510.091825155,-2974486.0243291496,5435683.377206542,1 
-4229117.387536088,4765157.6135554975,-3033133.546059491,5502654.049542008,1 
-4250115.660434636,4824268.092530894,-3043794.2443859717,5570164.948436124,1 
-4328073.563298092,4883840.468655836,-3103366.620510913,5638219.408818308,1 
-4348702.893293884,4943924.81721699,-3114034.143134823,5706882.291299285,1 
-4849208.968331231,5578965.737777934,-3485087.611329492,6435351.969111072,1 
-4936247.873919049,5645522.5310071455,-3551644.4045587042,6512009.281813858,1 
-5035800.561976599,5780439.986632872,-3630330.7114373874,6667518.36571165,1 
-5046044.771875489,5848887.805305025,-3641666.8469973216,6746506.74188277,1 
-5136494.436600614,5917987.859094259,-3710766.9007865577,6826354.501971546,1 
-5146026.584008089,5987774.966336056,-3722588.713713191,6907117.806116503,1 
-5238368.29839732,6058210.46294418,-3793024.2103213146,6988712.260191318,1 
-5247762.106885927,6129348.156018944,-3805114.540791469,7071206.970700111,1 
-5342088.507029654,6201220.196997507,-3876986.5817700312,7154628.102010092,1 
-5351629.610033504,6273744.695858909,-3889084.0844611973,7238871.379764471,1 
-5447916.917593634,6347100.647084832,-3962440.0356871206,7324109.049008621,1 
-5457513.4884499,6421263.670323011,-3974870.084918727,7410288.108369891,1 
-5555746.564188525,6496101.715844028,-4049708.130439744,7497326.230752448,1 
-5565265.770088927,6571646.2489749845,-4062190.732206447,7585264.090527524,1 
-5665589.334280971,6648001.806060387,-4138546.2892918484,7674202.758148672,1 
-5675028.534666606,6725166.754217297,-4151167.7758816117,7764153.836284028,1 
-5787141.775412432,6882064.053155172,-4242009.011249875,7947360.944918465,1 
-5892169.068609061,6961690.944078587,-4321635.90217329,8040497.7383040525,1 
-6128053.781747288,7287150.841465313,-4510515.8516226895,8422591.861467635,1 
-6773183.148170147,8229568.9472665675,-5019916.961055713,9539920.238697622,1 
-6893501.682678388,8318907.891811944,-5109255.905601089,9646342.384914627,1 
-6909150.025118138,8408935.995377878,-5124866.288480643,9753629.709388308,1 
-7031436.097826491,8499733.873184394,-5215664.16628716,9861842.031083383,1 
-7048542.290112136,8591303.950143993,-5232246.93704454,9970980.02797109,1 
-7172888.523530757,8683629.88611534,-5324572.873015887,10081038.765134716,1 
-7191649.99493997,8776852.873547016,-5342257.245724345,10192159.899438806,1 
-7318562.351052392,8871187.145071026,-5436591.517248352,10304557.723574784,1 
-7339452.904950639,8966501.420130044,-5455867.188323643,10418080.011907404,1 
-7468557.811905535,9062532.662970735,-5551898.431164334,10532454.247885153,1 
-7622059.943806271,9256825.137468338,-5669720.501511379,10763848.902593877,1 
-7646073.821044052,9355033.859969145,-5691136.984588222,10880806.949436262,1 
-7778974.987791168,9453841.018288223,-5789944.1429073,10998505.41212483,1 
-7804442.262762759,9553213.717639897,-5812275.647301359,11116904.552283905,1 
-7938993.310413595,9653104.755022312,-5912166.684683775,11235976.715509914,1 
-7965901.158493599,9753527.675745444,-5935353.252727272,11355718.743053969,1 
-8610677.886513706,10470372.43318751,-6419410.656673631,12212611.79599971,1 
-121069.45907266377,100826.0362114642,-91387.07439686386,136501.63150509424,0 
-128088.27854507293,109413.78939347995,-98909.70747956018,146495.47293231645,0 
-139818.71398074826,118329.14662118893,-107825.06470726916,156836.45006802195,0 
-147221.6065661687,127581.39954664445,-115745.6167839097,167533.2019498462,0 
-159715.27484085888,137170.51071245476,-125334.72794972002,178593.58294530676,0 
-167266.64920520387,147105.4692101971,-133420.09985075815,190010.15512220276,0 
-187895.92698389798,167992.9624446492,-151693.12199735563,213890.8573457462,0 
-201842.79172064373,178961.38758431684,-162661.54713702324,226370.02378136184,0 
-209127.17113409875,190267.2104399662,-170589.6654768701,239195.5318419914,0 
-223778.57074438006,201907.19818667814,-182229.6532235821,252363.87620510557,0 
-230942.67619981663,213882.94106501108,-190095.7855437641,265876.8471592882,0 
-246291.30323847773,226186.28603938897,-202399.130518142,279726.64378880576,0 
-253394.9023939532,238818.44467792555,-210260.52493860107,293914.3270361814,0 
-269430.55624709977,251775.81314263016,-223217.8934033055,308435.77906893246,0 
-732715.3826307894,875542.2530331289,-656714.6742461692,988633.2408655218,0 
-3698395.3795606196,4136034.8005825956,-2659841.047071745,4796805.623606957,1 
-3718876.870831323,4189384.96893376,-2669494.744055217,4858143.184175189,1 
-3790202.9438169505,4243165.7268414125,-2723275.5019628694,4919954.843045389,1 
-3883142.1192876413,4351889.93734003,-2787537.07434598,5044869.757773515,1 
-3903974.9560507825,4406939.603014735,-2797254.159340877,5108071.6246158695,1 
-3998802.3765872736,4518927.288854797,-2863009.751593994,5236492.580582258,1 
-4073632.847798516,4575799.128464753,-2919881.5912039494,5301647.089670826,1 
-4095077.4863581536,4633230.158424796,-2930167.9837163375,5367443.937192675,1 
-4171302.4927744335,4691242.549243617,-2988180.374535159,5433887.27991484,1 
-4192766.941589291,4749862.643498355,-2998778.1374320965,5501015.164357118,1 
-4270412.5412601475,4809061.728636791,-3057977.222570531,5568809.1796738785,1 
-4291628.982355164,4868725.650531253,-3068680.7954360084,5637150.488062998,1 
-4370424.204888264,4928853.291043933,-3128808.4359486885,5706042.268114826,1 
-4391273.35508712,4989495.007414877,-3139517.372409112,5775549.813608276,1 
-4471489.964793112,5050744.757789303,-3200767.122783536,5845789.0115706995,1 
-4491927.291936334,5112516.388365786,-3211526.1106247283,5916670.261097465,1 
-4573573.010612532,5174845.188754216,-3273854.9110131576,5988252.091325104,1 
-4593094.2488207165,5237843.25650324,-3284753.626074891,6060667.46854556,1 
-4676645.004530059,5301663.231317366,-3348573.6008890173,6134070.189868834,1 
-4695060.308610661,5366293.988296605,-3359947.571603795,6208464.071535481,1 
-4780472.986345229,5431532.706394386,-3425186.289701576,6283644.572090166,1 
-4796666.661156028,5497271.629288125,-3436380.1421525246,6359450.105360307,1 
-4883419.814589702,5563512.38932292,-3502620.902187319,6435890.706926411,1 
-4897251.331931252,5630198.040444787,-3513621.5575313848,6512907.402562909,1 
-4985219.886961129,5697331.99118242,-3580755.508269018,6590494.364707751,1 
-4996329.034838761,5765044.215427656,-3591734.6266138903,6668782.503433392,1 
-5096333.963690429,5902445.848785517,-3671527.9144723834,6827828.8171447795,1 
-5187747.397867385,5972134.6001871675,-3741216.665874035,6908640.3466853835,1 
-5197469.903685108,6042512.143685019,-3753138.323546232,6990376.629502086,1 
-5290793.91605125,6113541.645959742,-3824167.8258209554,7072953.381553813,1 
-5300381.939558131,6185278.359918015,-3836362.7726081563,7156441.506427386,1 
-5395713.55469279,6257755.286889328,-3908839.69957947,7240867.852728298,0 
-5405454.407619443,6330889.8096002415,-3921044.3564063665,7326126.81985216,1 
-5502771.613099556,6404864.89790007,-3995019.444706196,7412394.387016294,1 
-5512577.881312126,6479656.294931012,-4007569.4984310507,7499616.934817151,1 
-5611864.947820872,6555127.189881443,-4083040.3933814806,7587709.047969829,1 
-5621592.438526399,6631309.117138194,-4095641.865559183,7676711.476927477,1 
-5722992.050100621,6708307.9706988465,-4172640.719119836,7766726.191930803,1 
-5732637.262471395,6786122.025269687,-4185380.9042982785,7857765.125817499,1 
-5836402.813980761,6864782.627525526,-4264041.5065541165,7949903.958740374,1 
-5846056.167154698,6944330.944247733,-4276994.565324478,8043183.459539238,1 
-5952206.354729919,7024620.085696648,-4357283.706773393,8137443.14730342,1 
-5961886.526102625,7105688.322280641,-4370221.741094526,8232744.605345343,1 
-6070398.726464028,7187501.625018156,-4452035.04383204,8329062.314198319,1 
-6080364.474832442,7269857.877771951,-4464823.825912082,8426194.611887116,1 
-6190811.426374236,7352761.486114877,-4547727.434255008,8524140.352673985,1 
-6201029.723991658,7436223.997277827,-4560418.036463854,8622887.837832473,1 
-6313363.681551151,7520256.591518835,-4644450.630704863,8722457.085867994,1 
-6324036.4927153895,7604824.651777376,-4657236.842038,8822827.492441902,1 
-6438171.375341158,7689909.672770312,-4742321.8630309375,8923938.986213086,1 
-6708978.051316276,8124569.899685735,-4957375.526506606,9441980.33907597,1 
-6828713.67451486,8213308.715564273,-5046114.342385144,9548016.74432009,1 
-6843314.524304124,8302686.829183871,-5061082.537409704,9654867.723471247,1 
-6964908.057787212,8392723.56398169,-5151119.272207521,9762564.868663095,1 
-6980811.3391207205,8483453.311396264,-5166826.443293301,9871137.956811585,1 
-7104395.409805945,8574958.65673239,-5258331.7886294285,9980648.276483528,1 
-7121775.769018788,8667242.077502374,-5275018.931727818,10091096.38184192,1 
-7247444.218006115,8760286.630774263,-5368063.484999705,10202477.334574252,1 
-7266500.806053614,8854234.982371237,-5385859.99496658,10314934.482552465,1 
-7726078.536863776,9436925.169796119,-5737385.116581831,11011882.265894257,1 
-7860402.5726119615,9536502.118575267,-5836962.06536098,11131003.597583892,1 
-7886247.625018606,9636646.864433542,-5859438.910162949,11250834.891405676,1 
-8022238.798284531,9737311.225270728,-5960103.271000134,11371347.180246772,1 
-8049540.878728598,9838511.627097111,-5983438.889040027,11492539.541390702,1 
-8558871.01735844,10456251.296612237,-6366496.383692478,12234015.668413814,1 
-8701559.752628338,10560884.402528387,-6471129.489608631,12359852.571969911,1 
-8734710.032856438,10665882.66490138,-6497520.382230612,12486211.252673814,1 
-134825.9765087353,114585.98026908742,-103561.16290210874,151176.3344164003,0 
-142769.14410654965,124293.74492132904,-112030.20005304686,162326.24085859722,0 
-225327.3173689841,203010.23082054066,-184054.88676092657,251634.47307392012,0 
-233559.83649220094,215805.52916357922,-192961.35086332756,265988.4229092461,0 
-249898.8413287259,228976.36761177564,-206132.18931152395,280726.8066050345,0 
-257988.01899040933,242523.0124187279,-214956.82882790067,295850.09559234546,0 
-275104.8193705391,256435.92030840623,-228869.736717579,311349.10774370556,0 
-283116.80082148156,270713.3742901506,-237676.03854057734,327221.9715806693,0 
-300992.2491499146,285350.11840264953,-252312.7826530764,343462.90396808786,0 
-308883.7761622028,300320.71159853745,-261111.68734942842,360037.68543889525,0 
-327453.0408847316,315629.8971723901,-276420.8729232811,376959.6092607642,0 
-361590.2802150179,363515.04904457886,-309281.9007506933,429775.52568349766,0 
-381574.5492317849,380132.53239322756,-325899.3840993419,448051.52267948893,0 
-388628.2624924325,397080.4993107335,-334155.48195310286,466667.16875736415,0 
-409329.55181450717,414355.3553437345,-351430.33798610396,485627.8416200847,0 
-416247.0515992451,431972.56254302524,-359597.3780776542,504948.9809023782,0 
-502101.19310641184,544728.3608899,-439390.601520828,627999.6544779388,0 
-525542.0445024145,564666.3403816647,-459328.5810125927,649659.6239332152,0 
-531595.3909741237,584930.722916963,-467086.4654944523,671649.1021905743,0 
-555707.8314781465,605533.4994716542,-487689.24204914336,693980.6607538706,0 
-561642.108997978,626467.8564070894,-495361.55392301525,716648.0387544419,0 
-586430.989889299,647737.9124818861,-516631.60999781196,739656.0377050363,0 
-592142.1972379639,669338.890069151,-524141.2074336905,763000.6408158848,0 
-617601.1221944694,691265.7562222558,-546068.0735867956,786678.683831664,0 
-623061.4838144097,713516.1347542753,-553380.3596656062,810688.6186444259,0 
-649176.674567797,736082.1086087351,-575946.333520066,835022.9274570867,0 
-654376.269436077,758966.5525695671,-583086.1139821939,859684.7071943644,0 
-681145.9453399063,782168.8411762959,-606288.4025889228,884673.501157467,0 
-685906.2284692124,805702.8013701378,-613080.6658338949,910003.6618672095,0 
-713372.565719457,829581.7963316746,-636959.6607954317,935689.1171767276,0 
-717607.8506372715,853800.6851227023,-643316.2422824053,961725.1897824841,0 
-745840.9026867098,878424.8051798074,-667940.3623395106,988177.3598911958,0 
-750100.2019985919,903512.6130045195,-674340.6524663446,1015103.9724633115,0 
-779305.4622034847,929087.4759005196,-699915.5153623447,1042528.3507274782,0 
-783929.1650020673,955162.4963235244,-706575.0064808662,1070535.1038828455,0 
-814559.6341799775,981713.9606857386,-733126.4708430804,1099144.5959015237,0 
-819920.0631798593,1008766.2429038659,-740014.0832693572,1128401.1420284226,0 
-852220.4502715504,1036336.8728062663,-767584.7131717573,1158330.6540788717,0 
-858584.7673735062,1064486.9398431696,-774797.6203587397,1189030.0601768875,0 
-893242.2914637038,1093226.6794233955,-803537.3599389654,1220635.4114753988,0 
-901767.3835204344,1122593.6257177028,-811197.1308394624,1253314.1169629674,0 
-940080.5220697604,1152646.744611762,-841250.249733522,1287224.8628928391,0 
-2474453.136550136,2794233.1182032917,-1857755.2715537567,3223692.1678820834,0 
-2537253.4992244947,2839869.4934828053,-1903391.6468332706,3277099.0325668794,0 
-3119684.494336387,3502406.8655429706,-2291339.866599662,4050329.581542976,0 
-3136942.60772738,3550915.179121223,-2297979.466307045,4106894.6501926985,0 
-3203271.0908296565,3599561.407515894,-2346625.6947017163,4163618.917030098,0 
-4439334.467347573,5053469.682704372,-3195294.730903334,5838990.08692085,1 
-4462714.905994638,5117097.09324359,-3206772.100596539,5911749.69065587,1 
-4546612.220816129,5181358.712185893,-3271033.719538844,5985227.710342359,1 
-4570048.0727175595,5246283.290645227,-3282855.369273751,6059466.613125454,1 
-4655527.755970944,5311845.101617136,-3348417.1802456602,6134450.13431273,1 
-4678760.04427414,5377925.02701686,-3360392.541209129,6210052.486858849,1 
-4989235.539011293,5716933.464958383,-3587959.585272043,6598545.115447478,1 
-5010815.053483097,5786667.057048911,-3600213.698202121,6678663.07862162,1 
-5102835.102092317,5857286.022674408,-3670832.663827616,6759860.977665724,1 
-5123298.503012122,5928779.236140869,-3683591.984705464,6842142.477928197,1 
-5217356.782760564,6000932.481330458,-3755745.2298950525,6925283.4251946695,1 
-5555361.2631557435,6445442.965016905,-4016421.472132171,7438663.537872286,1 
-5567712.340230858,6521813.470655671,-4029460.575663154,7527064.542415787,1 
-5782949.126553583,6755328.584429245,-4198755.801957769,7798052.3538426515,1 
-5794572.574036563,6834698.620673628,-4212732.899810751,7890344.026631311,1 
-5899632.839225942,6914900.915203832,-4292935.194340956,7983678.322092684,1 
-5911478.601954332,6995839.48142251,-4306984.449198999,8077938.0901623145,1 
-6018764.33878608,7077730.673485283,-4388875.641261771,8173333.166975308,1 
-6152206.58000244,7328467.613431174,-4501520.564760845,8465665.853354136,1 
-6264014.764154742,7413718.775967308,-4586771.727296979,8565202.573408091,1 
-6275857.584632928,7499867.17716506,-4601471.625896555,8665859.065548364,1 
-6390247.862520665,7586937.334136656,-4688541.7828681525,8767705.03462037,1 
-6402101.54168559,7674972.233373683,-4703458.513796725,8870784.717615146,1 
-6519093.033401001,7763824.67809629,-4792310.958519332,8974936.69599815,1 
-6530976.774286658,7853539.401730519,-4807203.282793992,9080230.694014162,1 
-6650560.831262013,7944078.723140677,-4897742.604204152,9186638.15095983,1 
-6662727.774064391,8035213.850156814,-4912450.82846923,9293930.929938702,1 
-6784418.735651596,8126948.537063784,-5004185.515376198,9402107.186391093,1 
-6796839.054013065,8219299.546212598,-5018768.528905378,9511159.086527526,1 
-6920599.583658508,8312283.8943149345,-5111752.8770077145,9621113.61476178,1 
-6933491.079623107,8405854.552569702,-5126417.175918984,9731940.064445104,1 
-7059214.507387847,8499988.249884045,-5220550.873233326,9843571.651641527,1 
-7072804.673611022,8594824.960665088,-5235646.611849194,9956130.513766032,1 
-7200662.738090276,8690404.721708255,-5331226.372892361,10069663.694126064,1 
-7215238.898135179,8786614.280369889,-5346917.208203414,10184083.539526645,1 
-7345003.01257117,8883338.683696983,-5443641.611530507,10299259.118700482,1 
-7360753.631917696,8980732.757644188,-5459890.550416011,10415328.623309903,1 
-7492598.965199046,9078866.112347983,-5558023.905119808,10532338.83354637,1 
-7509797.05248491,9177711.470612524,-5575118.984125147,10650254.168736506,1 
-7643699.1591352755,9277286.443977073,-5674693.957489695,10769106.081444133,1 
-7662350.741691136,9377625.450328553,-5692636.932686313,10888925.812902734,1 
-7798459.057254068,9478825.578598384,-5793837.060956144,11009790.167808205,1 
-7818773.25465456,9580890.911911309,-5812900.066859782,11131700.595072446,1 
-8461333.203637075,10322737.32243586,-6302449.797211068,12017632.380065994,1 
-8489455.325622909,10432218.015342144,-6327006.512947965,12148360.563613754,1 
-8637479.254972037,10542369.586345712,-6437158.083951532,12279929.128438987,1 
-8667241.408162238,10653151.069113957,-6462752.104089228,12412289.528017465,1 
-8817102.00512702,10764504.68779619,-6574105.72277146,12545400.466111025,1 
-8848486.291012874,10876471.47490218,-6600680.00307476,12679284.69265022,1 
-9000160.564262567,10988998.370067947,-6713206.898240527,12813899.013102425,1 
-9033144.096558439,11102046.32537105,-6740667.480087109,12949223.887905441,1 
-9186798.980993718,11215701.429069888,-6854322.583785947,13085395.505797613,1 
-9221668.24826452,11329966.065636031,-6882815.860517719,13222379.839387795,1 
-9377289.349708533,11444806.675207773,-6997656.47008946,13360137.260537488,1 
-9413804.76403881,11560168.94472678,-7027067.741184592,13498583.656347096,1 
-9571092.837083437,11676014.149364071,-7142912.945821885,13637661.752649073,1 
-9608981.246959796,11792291.209048701,-7173021.714178765,13777337.943350505,1 
-9767928.834731312,11908938.020940222,-7289668.5260702865,13917604.942805165,1 
-9807370.342678545,12026001.052450828,-7320335.808915297,14058523.427243803,1 
-9968196.248218583,12143532.684865462,-7437867.441329932,14200134.847180378,1 
-10009214.350707907,12261509.799052842,-7469197.826443534,14342403.333196562,1 
-10171725.821546908,12379827.903868554,-7587515.931259245,14485201.233574634,1 
-10214089.786786929,12498433.368463945,-7619164.549903087,14628555.329156883,1 
-10378736.816471474,12617334.872507298,-7738066.053946442,14772599.647767358,1 
-10423118.197431382,12736487.974736243,-7769883.965584817,14917288.853878252,1 
-10589998.431275625,12855864.409670457,-7889260.400519032,15062555.708752792,1 
-10635972.668117946,12975460.565079572,-7921165.675144074,15208332.005953532,1 
-10804537.414890166,13095222.053086251,-8040927.163150753,15354536.093856212,1 
-10851484.93809136,13215059.388417544,-8072748.067356624,15500993.783190107,1 
-11021078.242965626,13334965.379055928,-8192654.057995006,15647710.353945164,1 
-11732549.365273206,14176842.666975193,-8678812.369389411,16683409.546376532,1 
-253007.94741239928,231727.34601128547,-208686.86177109648,284771.54597937583,0 
-261200.5168728816,245445.23011520927,-217623.2518337588,300105.49036816723,0 
-278533.30279915873,259534.47094449287,-231712.4926630425,315820.4880656747,0 
-286648.13077464444,273992.932667296,-240630.77228735236,331914.24489007774,0 
-304749.05442409974,288814.81036500604,-255452.64998506242,348380.6525985185,0 
-312741.57067037345,303974.0988472321,-264362.44857655,365184.8796426946,0 
-331544.3374936758,319475.3320398252,-279863.6817691431,382340.30556533707,0 
-339246.0751150943,335311.3471636894,-288548.2549316648,399850.2762851093,0 
-358798.1581608468,351469.5817427989,-304706.4895107743,417701.84071359946,0 
-366111.66575200885,367952.72289145156,-313130.77149964473,435879.2550804638,0 
-386344.48647251376,384773.40886188496,-329951.4574700781,454403.803780193,0 
-393488.580547517,401927.3519162382,-338307.64398846176,473271.8691801148,0 
-414446.2715837803,419410.62363447563,-355790.91570669925,492488.943757024,0 
-421452.18930526567,437238.53881914204,-364054.3957755669,512070.5838305658,0 
-443173.8039269558,455414.4573973278,-382230.31435375265,532011.3165115296,0 
-449993.68773206125,473931.8609987427,-390408.9091263223,552296.0328441465,0 
-562631.3082725313,612749.5519506867,-493555.5005644575,703608.4847540937,0 
-568639.9336007994,633902.7427339975,-501289.4125937128,726571.9798000361,0 
-593728.5666179592,655391.6619364201,-522778.3317961354,749879.7308764693,0 
-599511.2603791999,677211.5982927731,-530340.470395737,773527.7009315495,0 
-625277.1473307114,699357.5522283916,-552486.4243313556,797512.7059423348,0 
-630805.3005825598,721827.0442869052,-559841.5328898499,821833.0943173264,0 
-657234.3585732104,744612.152077335,-582626.6406802796,846481.2703672503,0 
-662498.1442076165,767715.7587047028,-589800.2305769809,871460.3302509049,0 
-689588.4898440659,791137.289115523,-613221.7609878009,896769.7939466278,0 
-694406.0134768924,814890.475957216,-620035.4902526978,922424.1161731012,0 
-722200.0977842624,838988.5905140615,-644133.6048095431,948437.3185397447,0 
-726483.3946094713,863426.3260348968,-650496.3669648259,974804.6501227295,0 
-755051.8215148652,888269.6808808853,-675339.7218108148,1001592.1950873969,0 
-759355.8991968969,913577.9214437868,-681736.153784087,1028858.994490507,0 
-788907.1000776209,939375.4009580787,-707533.6332983791,1056629.3134305044,0 
-793577.4360216907,965674.9651737123,-714183.1887992792,1084989.2862311073,0 
-824568.1827898346,992451.5474983868,-740959.7711239534,1113959.0558400194,0 
-829977.4337914481,1019728.507946681,-747827.1051176437,1143582.4893446346,0 
-862651.4066418936,1047523.2092959376,-775621.8064669,1173885.5871538376,0 
-869067.2074716893,1075896.8192585858,-782802.3591069388,1204966.4513219385,0 
-904116.1445367177,1104858.5504045794,-811764.0902529325,1236963.2155952808,0 
-912702.3146667345,1134444.3611620888,-819376.1590333425,1270045.015474278,0 
-951431.2066501444,1164710.602280933,-849642.4001521873,1304371.514838234,0 
-963097.402852175,1195573.5201369973,-857733.7114356665,1339862.3386347708,0 
-1005914.9250960647,1226980.21275815,-889140.4040568193,1376566.5601495788,0 
-1020221.7735494878,1258840.5094492903,-897463.5509616773,1414082.137508633,0 
-1065736.2782802698,1291140.26236114,-929763.3038735269,1452426.7600813545,0 
-1081695.1751914045,1324026.741160473,-938300.242669099,1491566.1621646506,0 
-1129278.7833191287,1357664.1221681125,-971937.6236767384,1531566.413034397,0 
-1850432.091374266,2112521.2684424333,-1441898.5741150544,2431889.6579422895,0 
-1910722.3383674459,2155435.5636682315,-1484812.869340853,2482841.845328857,0 
-1932010.3329545604,2198446.5972525673,-1495507.4337669695,2533895.946400866,0 
-2399056.1287752623,2679817.850302665,-1805340.7726643812,3104139.6949511524,0 
-2417838.469395201,2724563.557727287,-1813734.642932632,3157003.268367614,0 
-2480350.1998071955,2769578.4780642125,-1858749.5632695574,3210146.655324518,0 
-2499191.7600156874,2815022.2701357575,-1867158.5481382716,3263738.599568336,0 
-2562620.7934226245,2860889.753295624,-1913026.0312981384,3317774.13498571,0 
-3167524.6333326204,3575606.259549477,-2307800.7740814816,4157324.5578891262,0 
-3234518.005933891,3624506.7958589196,-2356701.310390924,4214713.714225521,0 
-3600096.1067554187,4082317.389169679,-2593093.08501501,4750350.113051356,0 
-3673415.8541096775,4136968.327200605,-2647744.023045935,4813807.492563229,0 
-3694210.0956055843,4192577.4662025264,-2657145.948793121,4878244.710023278,1 
-4482666.511086773,5087853.442132224,-3209102.6402160674,5910524.056066105,1 
-4506248.3908427525,5151933.497774315,-3220583.567426891,5984191.540200507,1 
-4591064.000119373,5216651.37604915,-3285301.4457017253,6058587.854342127,1 
-4614708.042145118,5282035.721411659,-3297132.626414886,6133755.502430005,1 
-4701126.826040076,5348061.560822093,-3363158.46582532,6209678.124258855,1 
-4724573.666576362,5414609.037974145,-3375152.022080782,6286228.8037934955,1 
-4812307.497193248,5481676.257706131,-3442219.241812768,6363409.1999729695,1 
-5038416.140713019,5756007.424848167,-3604213.786330996,6679598.499439308,1 
-5060216.476837076,5826226.600420183,-3616509.4996110247,6760720.110215362,1 
-5153251.514551811,5897333.612027678,-3687616.5112185203,6842932.998364981,1 
-5173935.031689901,5969317.30290751,-3700428.5805833326,6926240.803628597,1 
-5269028.969829287,6041963.36439155,-3773074.6420673747,7010417.409286013,1 
-5287408.901742276,6115161.562334598,-3785740.3577727317,7095290.158263424,1 
-5383996.688157123,6188911.972255417,-3859490.7676935513,7180866.165888043,1 
-5623423.642096636,6566402.066828965,-4048721.0479303845,7619696.6485922765,1 
-5725255.06748051,6644020.911670459,-4126339.892771879,7710161.177889327,1 
-6455689.9739843365,7638791.887791779,-4712737.622872488,8875801.11444888,1 
-6467789.181633555,7727421.806391233,-4727841.680062321,8980159.250070062,1 
-6586071.87622211,7816873.765853386,-4817293.639524475,9085602.431326209,1 
-6598202.89059531,7907192.307699223,-4832372.918807678,9192201.146242835,1 
-6719104.867533597,7998339.266047787,-4923519.877156244,9299926.523151431,1 
-6731519.88379124,8090083.249422425,-4938409.101310998,9408547.381857965,1 
-6854548.955833135,8182428.442671426,-5030754.294560001,9518061.748765042,1 
-6867218.551541903,8275392.256300302,-5045514.674865579,9628462.064299831,1 
-6992338.642457365,8368992.067095069,-5139114.485660347,9739776.153804101,1 
-7005482.615543636,8463179.473280983,-5153953.335115222,9851972.4486514,1 
-7132585.19659015,8557931.639232075,-5248705.501066316,9964983.189129598,1 
-7146433.646462172,8653389.8878062,-5263977.923788515,10078931.38358118,1 
-7275692.197217025,8749594.965468412,-5360183.00145073,10193865.050216813,0 
-7290537.507872524,8846432.112698039,-5376056.662472164,10309695.601121102,1 
-7421721.5387534425,8943785.98280418,-5473410.532578304,10426291.096739866,1 
-7437754.793638287,9041812.310849769,-5489848.126110682,10543790.839460963,1 
-7571041.613162903,9140581.46760296,-5588617.282863874,10662242.5359407,1 
-7588539.962831873,9240066.486289985,-5605909.492104806,10781610.861289835,1 
-10281447.65243493,12462583.49532077,-7632604.459107508,14664063.053912662,1 
-10324411.175318532,12581953.58177827,-7664590.148148948,14809215.535505164,1 
-10490865.184447233,12701618.446528127,-7784255.012898808,14955066.833559792,1 
-10535858.23754514,12821532.86654845,-7816406.0127093205,15101570.808432586,1 
-10704560.050575081,12941668.57179638,-7936541.717957253,15248659.242492825,1 
-10921552.25437776,13182540.939976735,-8089293.672110616,15544300.017649945,1 
-10969124.91702247,13303133.63919715,-8121439.229405782,15692593.6280965,1 
-11140557.055302953,13423793.150365362,-8242098.740573996,15841149.032257775,1 
-11188798.957574788,13544515.271754328,-8274037.014961302,15989953.412343327,1 
-11361112.053823298,13665302.606295869,-8394824.349502843,16138968.468282683,1 
-11633594.678445762,14028254.489361081,-8579127.373906506,16588129.155904071,1 
-11809039.579002984,14149510.174276184,-8700383.058821611,16738793.09831653,0 
-11860096.266838664,14270876.357524242,-8731719.401395818,16889805.03015588,0 
-314865.2369648783,286255.827147867,-243624.3407802122,362051.45280351763,1 
-683483.2489553553,642300.8495199115,-526619.226188613,806448.7191558578,0 
-981470.3822825851,983479.9163193728,-750059.9051312434,1239841.7376183742,0 
-1028032.0795720376,1017670.3633413845,-784250.352153255,1283553.461645157,0 
-1041903.4952247406,1052390.3746837287,-795013.1002722968,1327985.6722602206,0 
-1089950.8036928286,1087676.975719352,-830299.7013079203,1373183.0074656396,0 
-1103870.6041800892,1123568.1504031778,-841021.380833186,1419180.1492143162,0 
-1153529.8463610378,1160072.8647381384,-877526.0951681463,1465989.4181325957,0 
-1167401.1995381056,1197168.7867970734,-888188.5118152711,1513586.6436619116,0 
-1218623.1334918502,1234843.0581463543,-925862.7831645521,1561958.604352987,0 
-1232315.9457147743,1273081.530217602,-936352.9872033736,1611091.28986006,0 
-1285041.6766449665,1311870.410545549,-975141.8675313205,1660967.047527583,0 
-1298524.3280890107,1351195.043133064,-985481.6936236849,1711573.8152267253,0 
-1352729.1977933864,1391072.8239512874,-1025359.4744419083,1762928.7116684313,0 
-3508050.000677403,3575993.6966794822,-2401359.0888507217,4682004.286413234,0 
-3798895.0980556947,3818024.984972717,-2589099.5874499343,5005278.291012717,0 
-3845826.2903620405,3899578.223965658,-2614976.5249258345,5114049.808260648,0 
-4826319.853508753,4824467.542866783,-3245650.327012939,6342708.170732364,0 
-4871758.572313354,4912562.904767627,-3271709.723477189,6458856.453253573,0 
-5736502.609945934,5748137.775553647,-3848501.2212024275,7550728.896784987,0 
-5784478.226342546,5844835.633015193,-3877875.8003764483,7676350.179819915,0 
-5924940.191280457,5942182.999730667,-3975223.16709192,7802739.547640694,0 
-6163645.234585704,6238305.457795447,-4133524.708427987,8186762.377070729,0 
-6307549.115171567,6338529.291968403,-4233748.542600946,8316488.866396533,0 
-6356138.653412988,6439412.770527409,-4264058.819088706,8446967.99824554,1 
-6501574.8188786395,6540926.172318168,-4365572.2208794635,8578170.476721441,1 
-6550158.951852153,6643161.354202221,-4396025.053395865,8710186.383076422,1 
-6746164.236048024,6850018.356714837,-4529872.62723856,8976886.857353598,1 
-6894600.3945408575,6954003.565114002,-4633857.835637723,9110945.68893949,1 
-6942885.85962456,7058586.979964463,-4664249.406370315,9245703.767160766,1 
-9094274.467336241,9313320.261923073,-6197373.554153345,12094260.593532864,1 
-9153584.348614302,9441972.426572587,-6238973.986549695,12256013.407340948,1 
-9332165.780205749,9571595.680630293,-6368597.2406073995,12419150.099561926,1 
-9392427.847793445,9702413.233773794,-6410610.916323371,12583945.136741858,1 
-9634756.229980567,9967279.733767472,-6584723.343905529,12917934.697470855,1 
-9819815.587099407,10101382.659201156,-6718826.269339211,13087261.164113961,1 
-10069579.366327757,10373402.732987056,-6898342.597346256,13431112.383823832,1 
-10131151.22369163,10511234.50469018,-6942005.507305224,13605463.145612985,1 
-10384828.251266303,10790373.294902552,-7125294.489026658,13958808.083172223,1 
-10580243.838919623,10931785.44653083,-7266706.640654936,14138013.961422771,1 
-15459463.747365646,16698327.122784156,-10925400.30175457,21552026.393569924,1 
-15728222.806674268,16886083.702193417,-11113156.881163828,21796850.267704174,1 
-16048072.855867118,17264984.89557236,-11346482.960677091,22291458.575419933,1 
-16096389.647079216,17456073.829475887,-11390151.71627371,22541154.44191312,1 
-16752509.316657437,18230830.82762527,-11864432.881203597,23555152.44182386,1 
-17036124.115295544,18427458.14081791,-12061060.194396239,23812871.212424353,1 
-17087404.3930747,18625289.54163703,-12104571.115927972,24072337.560559426,1 
-17375132.108645115,18824528.4355176,-12303810.009808544,24333772.543081768,1 
-17428702.43057339,19025197.612943597,-12348487.603970554,24597198.3557456,1 
-17720785.380745657,19227238.77480762,-12550528.765834577,24862556.955619935,1 
-17777285.150464345,19430842.07908196,-12596852.38555273,25130120.482419394,1 
-18135058.745817345,19843437.80621902,-12850978.931884775,25672869.81851532,1 
-25134754.679091666,27502041.443089522,-17676915.633554272,35789488.065359026,1 
-25938235.953522958,28207706.669460393,-18204485.944901902,36731086.87743081,1 
-26031366.54525279,28443331.63077663,-18259635.443992063,37046259.284439705,1 
-26390810.30631501,28679237.053880878,-18495540.867096312,37362286.880105756,1 
-26484724.765706792,28915340.175782412,-18548983.269118324,37679054.64685652,1 
-26847194.043299995,29151638.057155285,-18785281.150491193,37996562.27180599,1 
-1227070.2869147747,1233671.824171053,-924499.29195301,1573740.887056823,0 
-1240897.631338796,1271892.0148410047,-935014.0257359947,1623256.89404359,0 
-1294013.8279917543,1310664.3428839764,-973786.3537789661,1673523.117433879,0 
-3535814.967814262,3576521.9666001825,-2403024.186823518,4720853.788190479,0 
-3829342.403166348,3819212.3944248063,-2591500.346554399,5047308.30648775,0 
-3876836.7550054146,3901005.488606682,-2617682.811784478,5157163.667501073,0 
-4867139.772919631,4829087.122703321,-3251874.4770494737,6398410.607812675,0 
-4913214.852391051,4917544.507264231,-3278361.6925038826,6515786.628245331,0 
-5787142.419325845,5756902.283888066,-3859189.9754304723,7619330.501242704,0 
-5835830.343871639,5854077.070869533,-3889102.3632714967,7746316.564632548,0 
-5977669.35248173,5951910.4160980275,-3986935.7084999904,7874082.976125507,0 
-6219230.253283851,6249535.749922094,-4146857.610674617,8262303.94640527,0 
-6364562.541259676,6350283.756293217,-4247605.617045739,8393458.843121039,0 
-6413903.906660218,6451703.098095505,-4278507.714882815,8525380.773790097,0 
-6560795.399399454,6553762.17531506,-4380566.7921023695,8658038.579539586,0 
-6610142.103584414,6656553.837457892,-4411628.094235205,8791523.28587241,0 
-6808406.653048954,6864559.103181638,-4546671.685393628,9061204.930531526,0 
-6958345.1345253335,6969125.832284813,-4651238.4144968055,9196766.085100962,0 
-7007401.980762427,7074293.79508742,-4682258.585610656,9333032.446724216,0 
-9182303.453275885,9341722.150809146,-6228230.541915375,12212481.810150236,1 
-9242417.78270269,9471077.562736213,-6270520.697331608,12375953.001141043,1 
-9422730.089085978,9601404.856822705,-6400847.991418097,12540820.568153866,1 
-9483805.190181669,9732928.784228947,-6443550.613496474,12707361.833752805,1 
-9667347.059214726,9865533.303415634,-6576155.132683164,12875360.910946153,1 
-9728710.921150738,9999218.120772753,-6619061.7215487445,13044886.49574927,1 
-9915561.319780704,10134038.975171596,-6753882.575947588,13216004.003903504,1 
-10167974.015532777,10407506.75310374,-6934816.83385977,13563484.432310455,1 
-10230382.32060725,10546071.329367168,-6979180.419147744,13739673.680548804,1 
-10424117.804541333,10685782.864799853,-7118891.954580426,13917395.961346043,1 
-10486756.432467923,10826690.482982807,-7163919.643242405,14096739.215071073,1 
-10684056.627660235,10968849.39334007,-7306078.553599667,14277829.700860612,1 
-15615179.28817818,16763173.962896412,-10991948.720013674,21767990.641390525,1 
-15886394.164647821,16951742.06918034,-11180516.8262976,22015270.332685795,1 
-15934342.84902179,17141410.864207238,-11224412.836328937,22264187.788697958,1 
-16258414.188374449,17524167.226455264,-11459539.68514001,22767023.52266819,1 
-16536941.185200736,17716974.8921257,-11652347.35081045,23020576.202065222,1 
-17549290.601854153,18898311.09997939,-12378054.08998422,24577479.076128818,1 
-17603470.316547275,19099793.310138404,-12423191.804772025,24843511.57205625,1 
-17898174.79348225,19302646.86002161,-12626045.354655232,25111491.69869329,1 
-17955285.80289094,19507060.273071837,-12672807.110718338,25381692.726989917,1 
-18255299.638241477,19713309.566085055,-12879056.403731555,25654530.774537377,1 
-20150216.443240747,21850367.85661618,-14211943.067766564,28486206.021654613,1 
-20224456.271541875,22070473.103388797,-14268462.126175432,28778038.19093151,1 
-20951919.30352736,22737486.54452593,-14770948.889738746,29662832.467219796,1 
-21031600.823243972,22961902.610753953,-14830315.61399369,29960603.510295033,1 
-24480859.92258394,26665942.180385392,-17182490.450540077,34884470.83618267,1 
-24833560.515674066,26901019.16344715,-17417567.433601834,35198531.33181077,1 
-25825954.636044264,28079193.58734885,-18065256.133080408,36776954.606196724,1 
-26185149.627268612,28315393.22225876,-18301455.76799032,37094349.871718764,1 
-26278768.40170233,28551816.434549205,-18356619.84057494,37412533.956308424,1 
-26641231.283526614,28788516.49936916,-18593319.905394897,37731580.67273654,1 
-26735621.182425763,29025410.77855586,-18646747.028316848,38051374.507978186,1 
-1219658.0174152383,1153734.2749474146,-860966.2764572508,1560179.1219319748,0 
-1276444.2981449384,1192811.049195803,-900043.0507056387,1613773.3201759835,0 
-1293653.0450709965,1232667.4909738554,-912585.1336966222,1668415.7931657406,0 
-1352528.8333127438,1273292.2108899308,-953209.8536126978,1724099.4989217962,0 
-1369880.9174320945,1314650.1793159025,-965948.7033989151,1780786.6225637146,0 
-1430740.7153308713,1356719.8387471586,-1008018.3628301714,1838454.3379768003,0 
-1448040.2599831922,1399471.2615913777,-1020779.0229217819,1897072.4580502314,0 
-1510772.3048208756,1442881.4661626378,-1064189.227493042,1956612.420402224,0 
-1527952.3998339092,1486929.0846260665,-1076953.9928768103,2017056.0200555518,0 
-1592518.3018358257,1531641.06290298,-1121665.9711537242,2078429.8395717768,0 
-1609398.7584961,1577322.192265063,-1134258.2803716795,2141050.8252467792,0 
-1676618.0117733194,1624119.7133790217,-1181055.8014856381,2205077.9960383074,0 
-1693153.7652655165,1671726.159966713,-1193401.8718848047,2270201.4682584163,0 
-1762545.9182920605,1720094.8131748668,-1241770.5250929585,2336401.5387992687,0 
-1779285.3835049965,1769331.9819504584,-1254220.5928661525,2403799.2260225825,0 
-1851209.2694487884,1819575.8079584087,-1304464.4188741026,2472531.0294806827,0 
-1869097.2306258187,1870981.8437143806,-1317752.002807402,2542840.5669766343,0 
-1944482.2197516894,1923420.1908239133,-1370190.349916935,2614638.9488816657,0 
-1963883.9353103805,1976824.642777674,-1384110.8314276726,2687904.3223065464,0 
-2042815.0685314145,2031185.5536406715,-1438471.74229067,2762667.914690175,0 
-2064067.3974621627,2086641.3118556098,-1453025.9871037772,2839139.6942636166,0 
-2147723.5434768195,2143256.069033028,-1509640.744281196,2917545.0515949167,0 
-2172680.410255092,2201093.4426459605,-1525172.175657936,2998119.02416771,0 
-2262991.4231435596,2260134.114413614,-1584212.8474255889,3081033.26388372,0 
-2292850.0776435267,2320223.787658097,-1600599.3244265653,3166114.623175094,0 
-2390295.2666884265,2381396.820191353,-1661772.3569598212,3253496.500267425,0 
-2424370.89136588,2443421.9649369735,-1678736.5064542298,3342511.5838243477,0 
-2526590.7934567793,2506138.6675928524,-1741453.2091101084,3433044.2795285285,0 
-2563194.277273529,2569906.9361950094,-1758762.191136546,3525269.549010184,0 
-2670116.3267303607,2635472.9531169594,-1824328.2080584955,3619869.610843011,0 
-2710174.633176064,2702888.4964441378,-1843945.4127686666,3716970.7694164603,0 
-2822935.3568841275,2772320.2424677126,-1913377.1587922415,3816736.459267572,0 
-2867401.495527257,2843919.4490392692,-1935901.480745201,3919383.790239073,0 
-2986307.9314259626,2917152.6091079726,-2009134.6408139048,4024434.4195129257,0 
-3034574.1533267074,2992163.6626344332,-2033770.635365732,4131949.025773398,0 
-3160183.2528761127,3070294.0899765864,-2111901.0627078842,4243148.603647614,0 
-3214619.280705328,3151884.1635162495,-2141811.065850514,4358323.651497632,0 
-3347112.7615078487,3235509.6596459397,-2225436.561980205,4475992.63561829,0 
-3404128.1225727373,3320287.9730147775,-2257257.9822462844,4595214.5843487205,0 
-3540059.544548446,3406222.63368166,-2343192.6429131664,4715978.153960742,0 
-3598366.465072926,3493208.176351348,-2376027.593286884,4838081.517502533,0 
-3737890.857957391,3582145.410364471,-2464964.827300006,4962396.81640477,0 
-3799143.8903847523,3673250.753156945,-2500795.236720615,5089156.685218587,0 
-3942536.594821875,3765522.3745831507,-2593066.858146821,5217340.295673482,0 
-4004855.3077788875,3858735.9321680856,-2629958.375936702,5346714.865774533,0 
-4150525.135430022,3952810.1984092374,-2724032.642177852,5477175.59944344,0 
-4213288.1292054625,4047672.093327373,-2761516.595370465,5608619.100604289,0 
-4360870.923946997,4143317.8161956784,-2857162.3182387706,5740992.801363597,0 
-4423032.172988869,4239660.519276053,-2894417.3354728543,5874176.866493864,0 
-4572146.162470253,4336634.120501326,-2991390.9366981275,6008081.761993021,0 
-4845365.0547177885,4631919.212721469,-3163695.4609752474,6414657.821661558,0 
-4997304.455284187,4731390.793731324,-3263167.041985102,6551388.128245728,0 
-5057785.164529536,4831411.336192913,-3299897.90517062,6688752.851580129,0 
-5211013.109638915,4931974.157830091,-3400460.726807798,6826758.709031047,0 
-5271178.365897042,5033188.641101388,-3437202.1504253494,6965520.086462401,0 
-5426392.321584188,5135515.228061153,-3539528.7373851137,7105498.6324778935,0 
-5487070.814070384,5238853.2576046605,-3577203.494333819,7246584.057884255,0 
-5644124.903917927,5342831.649494126,-3681181.8862232845,7388402.738060143,0 
-5704458.8979659295,5447502.156441347,-3718973.924157652,7531006.115237007,0 
-5863892.065177148,5553640.474029496,-3825112.2417458,7675190.963538127,0 
-5925731.926542558,5661385.674823493,-3864766.7341908785,7821092.35085688,0 
-6088359.890707,5770476.764165333,-3973857.823532719,7968444.728596722,0 
-6151619.126838829,5881164.727231971,-4015200.2481158567,8117509.501733277,0 
-6317536.521738025,5993258.904771825,-4127294.4256557133,8268095.992726725,0 
-6381917.216599158,6106485.300878119,-4169971.5818407694,8419929.892453097,0 
-6550325.615509927,6220785.927149238,-4284272.208111888,8572954.116327228,0 
-11052653.132832205,10816085.711185033,-7472633.391251605,14567239.292592406,1 
-11133446.024693958,10974295.621499889,-7534105.995150154,14769889.249110036,1 
-11354255.863335421,11133279.306147607,-7693089.679797875,14973698.902631886,1 
-11435291.271964278,11293175.442152008,-7754511.478251093,15178857.913226228,1 
-11659276.40017971,11454228.693379942,-7915564.729479025,15385730.494241003,1 
-11741565.371234445,11616752.19449925,-7977600.578582436,15594694.037331112,1 
-11969614.655624524,11780634.65388374,-8141483.037966922,15805510.600547776,1 
-12052472.943364408,11945925.066399477,-8203961.378970716,16018298.928187534,1 
-12284794.778407186,12112715.159125535,-8370751.471696773,16233156.149001334,1 
-12368627.756281957,12281095.171441909,-8434254.789794082,16450196.647655532,1 
-12605541.674167302,12451109.293895464,-8604268.91224764,16669441.85759794,1 
-12690259.70635128,12622632.780508537,-8668983.494953189,16890665.821938906,1 
-12931241.113235729,12795586.466105793,-8841937.180550447,17113787.985213,1 
-13016475.214219013,12970018.810736217,-8907647.703454878,17338906.448889118,1 
-13261855.280588442,13145978.55901651,-9083607.451735167,17566161.20755328,1 
-13347329.224402457,13323388.930384483,-9150106.306673264,17795404.85749877,1 
-13597114.666109772,13502316.051463006,-9329033.427751785,18026749.925039724,1 
-13682012.036569802,13682783.07111501,-9396270.933048952,18260333.193616506,1 
-13936947.067768214,13864971.625649424,-9578459.487583365,18496457.289032046,1 
-14021007.400359835,14048868.083913445,-9646681.198621523,18735103.061352827,1 
-14280936.682697378,14234200.475982182,-9832013.59069026,18975821.790528476,1 
-14362228.048661772,14420856.12339578,-9900587.894568548,19218371.80771194,1 
-14626132.578775682,14608830.315762665,-10088562.086935436,19462754.47701012,1 
-14704608.636042863,14798145.139429111,-10157697.564112911,19708929.886277556,1 
-14972407.3232704,14988820.957928572,-10348373.382612374,19956906.924980618,1 
-15047417.826776605,15180889.05946182,-10418095.419079114,20206838.07116969,1 
-15319658.16425806,15374452.354358802,-10611658.713976094,20458914.44484608,1 
-15394661.920015518,15569560.015768595,-10682716.08589465,20713202.24061729,1 
-15671778.823131908,15766161.687780973,-10879317.757907024,20969671.99228616,1 
-15746948.6847116,15964232.595602069,-10951955.26041636,21228343.385416295,1 
-16029007.428361895,16163849.801458297,-11151572.46627259,21489222.924551375,1 
-16105036.036835555,16365244.173606643,-11225430.301216625,21752542.99801928,1 
-16392536.5191015,16568457.699226849,-11428643.82683683,22018339.942348473,1 
-16468619.765217613,16773234.880617412,-11502288.974383496,22286331.294072624,1 
-16761508.50196198,16980132.913217355,-11709187.006983437,22557060.359406993,1 
-16837688.820421487,17189068.28655001,-11783291.293661738,22830423.06120827,1 
-17135776.083833672,17399434.260168366,-11993657.267280094,23105906.717296667,1 
-17210779.414682265,17611236.90635432,-12066596.421418896,23383552.16905663,1 
-17513965.41212717,17824623.833101664,-12279983.348166239,23663584.381737232,1 
-17587770.3068178,18039592.500132132,-12351753.602053594,23946011.710388053,1 
-17896421.078055754,18256092.228884235,-12568253.330805693,24230843.934573717,1 
-17970094.379209973,18474156.794669706,-12639851.576453762,24518151.735834725,1 
-18284268.338307057,18693772.107362512,-12859466.889146565,24807793.797899224,1 
-18357871.614233624,18915048.20692804,-12930720.881659176,25099927.15293319,1 
-18677767.258552257,19137950.17921009,-13153622.853941225,25394499.60402795,1 
-18748717.645101726,19362065.332762986,-13221477.152809814,25690940.200747658,1 
-19073133.126140483,19587379.51864817,-13446791.338694997,25989235.162977934,1 
-19140220.809503704,19813953.5851559,-13510185.258123402,26289436.56047197,1 
-19469255.837053657,20041875.508809753,-13738107.181777254,26591636.667688474,1 
-19535496.6971132,20270970.253732372,-13799950.934440494,26895644.850661933,1 
-19868751.26788634,20501198.79524002,-14030179.47594814,27201359.788060393,1 
-19935741.173436187,20732700.611148078,-14092124.665118521,27508999.71426796,1 
-20273528.09212052,20965563.014095973,-14324987.068066416,27818655.834850565,1 
-20341596.431836985,21199640.574160807,-14387195.306797482,28130120.457061566,1 
-20683448.07178259,21434786.661854517,-14622341.39449119,28443183.95118089,1 
-20752839.045498647,21671169.16242619,-14684752.809723489,28758106.69727664,1 
-21099129.733523928,21908910.718666364,-14922494.365963666,29075032.51512637,1 
-21168639.403662033,22148024.332000233,-14983733.511271296,29393969.805339016,1 
-21519478.628009304,22388497.39223354,-15224206.5715046,29714922.835349083,1 
-21588695.244945765,22630339.27826552,-15283837.771951629,30037931.115180403,1 
-21944396.3762194,22873782.987658724,-15527281.481344838,30363264.090627562,1 
-22015907.32677345,23118854.30057945,-15587809.551413156,30690953.418350235,1 
-22376748.721160866,23365476.386351302,-15834431.637185,31020919.07988807,1 
-22451266.677267842,23613842.784391996,-15896370.920055825,31353469.24599737,1 
-22818280.309413385,23864234.20687064,-16146762.342534471,31689075.36238987,1 
-22896985.332045346,24116523.133341268,-16210902.736522796,32027472.418982327,1 
-23269396.381374888,24370276.788412817,-16464656.391594341,32368003.57640197,1 
-23350868.035245784,24625477.128313478,-16530132.941658728,32710663.967451006,1 
-23728078.40715737,24882191.48262456,-16786847.29596981,33055512.85498102,1 
-23812537.300900135,25140475.36022646,-16853839.7278351,33402548.148194794,1 
-24194411.587694887,25400163.746780246,-17113528.114388887,33751564.046805725,1 
-24281584.636913776,25661146.46963576,-17181825.43108365,34102420.48642412,1 
-24667482.335887615,25923239.493409712,-17443918.454857603,34454919.928860225,1 
-24757345.86591568,26186773.037804537,-17513504.79680188,34809348.491247624,1 
-25147530.88993264,26451649.91504823,-17778381.674045578,35165578.370055124,1 
-25239651.49699758,26717621.599573933,-17848830.38294471,35523374.72961156,1 
-25634008.334657565,26984878.69008623,-18116087.47345701,35883021.04074921,1 
-25728829.109770566,27253417.32219834,-18187550.490540314,36244475.68315215,1 
-26127329.2515065,27523088.8688787,-18457222.03722068,36607583.780809954,1 
-26225013.84439343,27793943.823251493,-18530105.397808556,36972313.71071318,1 
-26627355.337896258,28066078.42085147,-18802239.99540853,37338679.72463313,1 
-26727706.21215161,28339427.990797613,-18876646.40333496,37706602.02188936,1 
-27133776.253787912,28613783.58957049,-19151002.002107844,38075917.28688171,1 
-27236692.603641775,28889264.001044318,-19226441.32865849,38446760.16857092,1 
-27646941.24246489,29166116.34949624,-19503293.67711042,38819347.24774493,1 
-27752788.999949135,29444249.69150783,-19580301.37584765,39193562.68193239,1 
-28166799.598610744,29723398.25174671,-19859449.936086535,39569084.98132473,1 
-28274577.75943548,30003324.859024428,-19936947.576821648,39945787.2515121,1 
-28692516.66288573,30283990.86362371,-20217613.581420932,40323801.724401034,1 
-28802080.461598158,30565285.57022004,-20294255.114097737,40703010.69755291,1 
-29223888.71756977,30847118.410296667,-20576087.954174366,41083267.08063467,1 
-29334622.109365158,31129475.247304488,-20651768.73209516,41464465.49462736,1 
-29759389.38685491,31412269.82784892,-20934563.312639594,41846478.07086399,1 
-29870943.976122856,31695301.94829006,-21009638.6493018,42228982.79451276,1 
-30297516.327128187,31978556.263690367,-21292892.964702107,42611980.78533325,1 
-30409248.856394745,32262000.3512476,-21366996.038364906,42995427.642093614,1 
-30837392.864555776,32545676.613798346,-21650672.300915655,43379308.902480915,1 
-30947599.441104442,32829570.861424558,-21722289.913365558,43763689.077481166,1 
-31377931.39357271,33113730.568903457,-22006449.620844472,44148731.688500375,1 
-31487406.000130586,33398167.321162123,-22075395.971515138,44534535.61556594,1 
-31920695.593796484,33682914.830675825,-22360143.48102884,44921129.35603017,1 
-32029790.70464596,33967915.205112904,-22426961.67678223,45308306.13196303,1 
-32465361.18722976,34253145.01784662,-22712191.489515953,45696120.333922125,1 
-32573972.23875981,34538662.170653686,-22776332.716189742,46084830.21905785,1 
-33013215.85817992,34824536.383727945,-23062206.929264,46474527.37914112,1 
-33122345.190901518,35110678.50288439,-23124160.693340726,46865087.07839087,1 
-33565025.89690654,35397084.8515275,-23410567.041983835,47256508.51919383,1 
-303051.230977702,260446.26349281362,-215405.2654812244,349257.5644863675,0 
-320926.20993601193,279685.4464224826,-230050.25150726666,374652.0285434178,0 
-349978.6335752753,299613.652805978,-249978.45789076205,400999.03704456077,0 
-368969.1597555127,320257.2197346196,-265367.3479941364,428334.6188215895,0 
-400088.5572780368,341609.5437119317,-286719.67197144846,456662.63383751444,0 
-419464.6300011519,363666.87352185155,-302143.3920565316,485972.2367131374,0 
-452555.19251912605,386409.3533710856,-324885.8719057657,516234.64402038656,0 
-471556.46527618356,409857.398609297,-339669.25841648167,547490.175306556,0 
-506634.73494191386,433981.1554027274,-363793.01520991215,579706.2162441274,0 
-525250.5639014036,458749.1849505106,-377944.95735684043,612844.9020739723,0 
-562216.9049817999,484173.45151443855,-403369.22392076824,646917.3971843687,0 
-580578.6795204526,510256.4346303666,-417060.8772727782,681930.0834973273,0 
-619438.7074170623,536983.945498358,-443788.3881407696,717863.7871492798,0 
-637712.1529032087,564314.0428024668,-457196.4270605062,754678.747771824,0 
-678330.2804289237,592211.6718297735,-485094.056087813,792338.9040297158,0 
-696371.2594699087,620637.8320362982,-498186.95235093706,830778.5486340229,0 
-738586.297427836,649597.0401731691,-527146.1604878078,870015.7366366768,0 
-756380.2919706731,679421.883985131,-539979.8209344866,910392.8680469487,0 
-800993.5773549707,710156.8278480524,-570714.7647974081,951945.1773181341,0 
-818629.6114035172,741504.2228603994,-583530.3918083165,994355.195408321,0 
-864981.6892969497,773454.5863562282,-615480.7553041454,1037631.6285873994,0 
-882530.6217397503,806002.8992832779,-628215.7168508428,1081768.0410735444,0 
-930670.013384694,839152.7559297137,-661365.5734972787,1126777.4695252073,0 
-948172.6849321004,872916.7122501398,-673995.6071077574,1172685.511499058,0 
-998165.5698019115,907293.3088108371,-708372.2036684547,1219486.3138831777,0 
-1015604.0363660075,942304.0921926701,-720955.7211186609,1267186.5162534527,0 
-1067354.2134877255,977923.3189246595,-756574.9478506503,1315744.6108894795,0 
-1084619.0123542305,1014149.4915749194,-769070.4715413302,1365177.4842525863,0 
-1138109.547653549,1050980.677094885,-805901.6570612958,1415475.9370662135,0 
-1155227.8489314932,1088432.6010132865,-818328.8651286605,1466652.1842305078,0 
-1210471.8492057153,1126503.37027649,-856399.6343918636,1518704.1020190385,0 
-1227507.4646658003,1165225.924137976,-868815.7237078125,1571670.7711225357,0 
-1284689.7246752314,1204698.677666095,-908288.4772359318,1625660.9486462758,0 
-1302039.8253616276,1244964.2241187296,-920971.9139872534,1680712.5263106145,0 
-1361334.9633159102,1286008.2937473403,-962015.9836158641,1736815.5817792057,0 
-1378837.0688613004,1327795.198280235,-974904.8548281208,1793931.6415280472,0 
-1440134.8610707943,1370302.8520222085,-1017412.5085700941,1852037.35125185,0 
-1457590.0184696356,1413500.6361644166,-1030328.7814082254,1911101.8326232706,0 
-1520776.3315607624,1457365.10898912,-1074193.2542329289,1971096.0632287061,0 
-1538116.1248140612,1501874.6541661308,-1087117.7178569622,2032001.589595616,0 
-1603151.9882946687,1547056.5939217359,-1132299.6576125668,2093845.3705905322,0 
-1620198.164714142,1593220.5556212123,-1145057.6865897211,2156949.188602929,0 
-1687915.6704775516,1640516.3292213613,-1192353.46018987,2221474.611880647,0 
-1704625.6319056053,1688631.4717907931,-1204873.7385248928,2287106.7800824963,0 
-1774534.7554522413,1737517.09551904,-1253759.362253139,2353823.821143441,0 
-1791452.506595411,1787280.2429421942,-1266387.715956567,2421747.4870143184,0 
-1863912.7320142707,1838060.4084252128,-1317167.8814395852,2491015.6299474863,0 
-1881990.1287712893,1890015.7937978376,-1330644.9009528724,2561874.517060091,0 
-1957936.4732562369,1943015.4962664477,-1383644.6034214823,2634234.2543241996,0 
-1977538.708321638,1996992.9100508862,-1397765.6044389303,2708072.5895797582,0 
-2057054.267573384,2051938.246944596,-1452710.9413326394,2783420.607994099,0 
-2078518.4345506588,2107991.4636615133,-1467477.0241922736,2860489.84606952,0 
-2162787.0247746613,2165218.665048276,-1524704.2255790373,2939507.6476101642,0 
-2187974.268383392,2223685.1212100987,-1540466.0337862354,3020710.702731848,0 
-2278931.9278759295,2283372.439581822,-1600153.352157959,3104271.5890519274,0 
-2309042.437874119,2344125.4317008606,-1616791.6846571579,3190016.267217857,0 
-2407170.298822997,2405981.136138095,-1678647.3890943914,3278080.816214167,0 
-2441518.4513575626,2468702.7731880844,-1695884.066445913,3367792.3920754585,0 
-2544446.531768935,2532127.6541644353,-1759308.9474222641,3459033.2661001114,0 
-2581333.8078400223,2596616.5189216337,-1776901.72170304,3551979.1317368085,0 
-2688997.478651396,2662924.157198126,-1843209.3599795315,3647320.8149241772,0 
-2729370.8259034236,2731103.9163014814,-1863141.605496026,3745186.189273803,0 
-2842919.6495406083,2801323.7622541776,-1933361.4514487227,3845739.979054037,0 
-2887737.5392710906,2873735.8943900564,-1956237.524489035,3949200.23558986,0 
-3007474.158687585,2947799.237976549,-2030300.8680755277,4055081.048381502,0 
-3056116.636556561,3023660.021624463,-2055313.118595586,4163445.384763428,0 
-3182619.3944884185,3102684.1073490675,-2134337.2043201905,4275538.621020095,0 
-3237510.7988194637,3185215.4532253835,-2164702.58396465,4391654.941206766,0 
-3370967.8392016194,3269804.5089347092,-2249291.6396739758,4510287.484907059,0 
-3428461.6494332687,3355559.400103532,-2281591.509106816,4630486.011437475,0 
-3565383.2472623293,3442484.2366237664,-2368516.3456270504,4752239.756902848,0 
-3624184.9143873444,3530474.1282062354,-2401846.0426013027,4875347.469357421,0 
-3764744.5730382623,3620446.6279858104,-2491818.542380878,5000698.034026111,0 
-3826546.038688588,3712620.728683998,-2528197.3850244507,5128526.660745639,0 
-3971023.840796602,3805977.447781095,-2621554.104121547,5257795.368871426,0 
-4033912.3003067174,3900291.0325371283,-2659015.3684645314,5388269.9661435755,0 
-4180695.5482947235,3995478.7191151497,-2754203.0550425537,5519844.1201493535,0 
-4244044.40562477,4091466.952136111,-2792272.8717897716,5652413.959413027,0 
-4392767.865260612,4188253.3398987255,-2889059.259552387,5785928.325066643,0 
-4455520.641399563,4285749.571853811,-2926905.803883549,5920265.919071622,0 
-4605799.391618048,4383887.933816185,-3025044.165845922,6055335.57530788,0 
-4667738.627646064,4482827.8322998155,-3062514.176603712,6191292.288122266,0 
-4819775.860082336,4582558.341406073,-3162244.6857099687,6328120.426576309,0 
-4881407.900611151,4682746.752589408,-3199738.306868609,6465485.3615294965,0 
-5034559.201571612,4783430.233993324,-3300421.788272526,6603427.568507729,0 
-5095650.506719314,4884672.420072854,-3337763.247360397,6742013.935460069,0 
-5250109.544619048,4986466.334500385,-3439557.161787928,6881250.885701342,0 
-5310892.370604323,5088921.953699186,-3476916.15513263,7021253.399060199,0 
-5467363.38879375,5192505.603161231,-3580499.8045946746,7162489.007577972,0 
-5528677.313795749,5297115.505918612,-3618809.994059184,7304846.306198206,0 
-5687013.055445744,5402375.549610529,-3724070.037751102,7447946.638176546,0 
-5747989.879531051,5508338.330223052,-3762504.905722772,7591842.289018711,0 
-5908736.53406387,5615790.135132801,-3869956.7106325207,7737340.624641433,0 
-5971250.38498562,5724871.810255615,-3910285.19263394,7884578.486289,0 
-6135232.26530418,5835316.815751573,-4020730.1981299,8033284.780182961,0 
-6199187.45541628,5947376.761078647,-4062768.576693307,8183721.535579953,0 
-6366491.154277255,6060857.242580283,-4176249.058194943,8335694.330535181,0 
-6431580.424727171,6175481.427818101,-4219634.789968782,8488926.019393079,0 
-6601396.813632017,6291190.044083297,-4335343.406233977,8643358.233261287,0 
-11227585.487317234,11103279.648811512,-7628245.457773433,14898873.276421659,1 
-11450315.358970169,11264183.366470704,-7789149.175432626,15104602.962954981,1 
-11532234.205476819,11426014.897648022,-7851454.4117636345,15311697.368722241,1 
-11758169.97449947,11589018.789683178,-8014458.303798789,15520520.590544239,1 
-11841356.15474451,11753512.178942923,-8077391.362092501,15731454.021774784,1 
-12071393.593811765,11919382.793004591,-8243261.976154165,15944258.739668623,1 
-12155162.969734572,12086682.992936559,-8306651.405340884,16159056.854724612,1 
-12389517.448701128,12255505.72958639,-8475474.141990714,16375946.719462188,1 
-12474283.14509866,12425941.17114368,-8539910.178610785,16595042.647357304,1 
-12713275.587043203,12598033.817656435,-8712002.82512354,16816366.381358907,1 
-12798947.273287015,12771656.881990694,-8777671.061888922,17039689.923421063,1 
-13042048.049368735,12946729.936785223,-8952744.11668345,17264931.455892432,1 
-13128252.155673191,13123301.138798244,-9019424.644909054,17492188.776951145,1 
-13375790.37522604,13301419.040261958,-9197542.546372766,17721601.688798726,1 
-13462246.464344185,13481006.473938016,-9265023.54661499,17953022.401052304,1 
-13714228.450587358,13662130.139552396,-9446147.21222937,18186564.013129115,1 
-13800116.748741781,13844812.97531749,-9514375.645220941,18422363.097818986,1 
-14057288.27668119,14029238.026592901,-9698800.696496353,18660723.68997552,1 
-14142347.472967189,14215391.513649076,-9768021.27122888,18901626.49108846,1 
-14404552.442152288,14402999.592565373,-9955629.350145172,19144620.907111663,1 
-14486844.286540769,14591949.011611192,-10025204.132447548,19389464.695927355,1 
-14753060.181487665,14782234.568811063,-10215489.689647418,19636158.730058514,1 
-14832538.075511482,14973877.86698325,-10285627.00358153,19884662.6138317,1 
-15102683.086263612,15166900.009007309,-10478649.145605586,20134985.976059355,1 
-15178692.284469469,15361332.149048164,-10549369.876771975,20387281.160756037,1 
-15453314.218459135,15557277.040453358,-10745314.768177167,20641739.130940635,1 
-15529324.370314538,15754784.082569838,-10817378.536193669,20898426.30741853,1 
-15808858.313358631,15953802.794509914,-11016397.248133745,21157313.09901511,1 
-15885046.339303846,16154308.223337475,-11090052.915008605,21418419.0131517,1 
-16169557.77673435,16356378.122973917,-11292122.814645045,21681751.246066995,1 
-16246618.953669306,16560246.255893642,-11367013.218050372,21947545.080306277,1 
-16536613.846886981,16765954.192465574,-11572721.154622305,22215836.4355872,1 
-16613725.493154775,16973243.01671691,-11647394.702320654,22486339.43017212,1 
-16909145.363077447,17182672.18249515,-11856823.8680989,22759599.628684793,1 
-16986347.239344183,17394157.545187388,-11931949.712584428,23035512.319845647,1 
-17286999.78766421,17607088.803713586,-12144880.971110627,23313561.26084189,1 
-17363007.731326014,17821472.262571,-12218824.738062644,23593787.52527331,1 
-17668791.289264277,18037456.749811698,-12434809.225303343,23876417.298447266,1 
-17743584.6718154,18255039.7558313,-12507567.967051186,24161458.966087226,1 
-18054866.44653718,18474170.48806723,-12726698.699287113,24448922.193756707,1 
-18129527.27427151,18694882.947468396,-12799284.471515296,24738877.888633408,1 
-18446366.16767174,18917163.194464345,-13021564.718511244,25031184.885001056,1 
-18520953.329482764,19141122.640157238,-13093802.596908314,25326001.586162385,1 
-18843550.713766262,19366726.352404147,-13319406.309155226,25623275.777222008,1 
-18915430.31901132,19593558.04141754,-13388189.826719403,25922432.90940221,1 
-19242577.050686814,19821603.477939464,-13616235.26324133,26223459.122269228,1 
-19310528.995555174,20050924.350625634,-13680493.444174869,26526407.325941704,1 
-19642327.195483953,20281609.446658313,-13911178.540207546,26831370.60553703,1 
-19709418.582414992,20513481.837611705,-13973872.819742285,27138156.434541263,1 
-20045464.860988945,20746502.08692016,-14206893.069050744,27446663.079740535,1 
-20113308.15526824,20980810.44715764,-14269691.646950576,27757109.550277524,1 
-20453916.616984345,21216494.393137306,-14505375.592930242,28069587.213891894,1 
-20522840.139033206,21453407.48724124,-14568439.013993701,28383887.370141998,1 
-20867540.278784506,21691402.074740652,-14806433.601493116,28699799.364067025,1 
-20937785.180567373,21930647.20120469,-14869698.944792217,29017584.73605514,1 
-21286953.34516317,22171266.23401538,-15110317.977602908,29337388.03047539,1 
-21357285.19263867,22413272.55621955,-15172379.300247937,29659218.02955834,1 
-21711032.24194072,22656653.441407643,-15415760.18543602,29983078.884523183,1 
-21781034.22883232,22901418.213206187,-15476176.755838186,30309010.05012106,1 
-22139675.04200907,23147801.604502507,-15722560.147134509,30637282.70747134,1 
-22211972.46412065,23395829.584322535,-15783874.68876035,30967928.702093318,1 
-22575786.749410532,23645424.560996853,-16033469.665434662,31300867.254533615,1 
-22651095.248966023,23896781.55682826,-16096199.491754003,31636408.01843363,1 
-23021119.575610697,24150183.67380605,-16349601.608731788,31975024.829325274,1 
-23100627.23191742,24405502.074625164,-16414544.636394864,32316451.360266224,1 
-23476082.711041864,24662300.15949162,-16671342.72126132,32660026.947480775,1 
-23558360.827520672,24920559.638205837,-16737625.733933613,33005746.477343366,1 
-23938645.610050097,25180348.403134763,-16997414.498862535,33353669.77549122,1 
-24023913.28734619,25441722.394078612,-17065215.714281157,33703795.18204694,1 
-24408892.389961313,25704515.596452773,-17328008.916655317,34055915.89647824,1 
-24496876.82834866,25968616.76622615,-17397117.622518532,34409890.783014506,1 
-24885905.28197054,26233840.544648156,-17662341.40094053,34765520.980098665,1 
-24976585.099330746,26500519.89784932,-17732744.03021695,35123095.35129241,1 
-25369930.2348916,26768556.886636913,-18000781.019004542,35482485.341643795,1 
-25462866.189514585,27037700.74006135,-18072045.07546172,35843453.87009898,1 
-25860409.280172072,27308144.083571155,-18342488.418971524,36206286.43423413,1 
-25956045.624888893,27579883.68847078,-18414767.005658638,36570942.04942459,1 
-26357760.37722618,27852769.845752507,-18687653.162940353,36937264.757683754,1 
-26456267.71630715,28126852.774901092,-18761359.269722268,37305222.66236277,1 
-26861850.87573009,28402229.038421176,-19036735.533242356,37674830.342202835,1 
-26963032.74995604,28678833.409126032,-19111972.94113938,38046007.44021778,1 
-27372369.87211092,28956456.088417497,-19389595.620430842,38418589.78572871,1 
-27476123.10862482,29235216.67378726,-19465871.833641544,38792712.841313854,1 
-27889666.657997582,29515363.93278883,-19746019.09264312,39168594.83103752,1 
-27996360.826456446,29796805.871355727,-19823873.20235495,39546118.86178028,1 
-28413691.63400915,30079274.6404857,-20106341.97148493,39924961.37006372,1 
-28522318.541405752,30362532.266190305,-20184688.358791936,40304994.65867798,1 
-28943600.37863893,30646541.204572506,-20468697.297174133,40686352.06534983,1 
-29054004.227474555,30931190.08629659,-20546178.87997413,41068915.21362946,1 
-29479176.793323584,31216387.236250643,-20831376.02992818,41452535.90658864,1 
-29590740.17426146,31502117.808828685,-20907886.79699146,41837108.056151554,1 
-30018890.07165259,31788295.009274498,-21194063.997437272,42222503.25228957,1 
-30131270.5910143,32074716.363414306,-21269965.26419325,42608397.209637016,1 
-30561238.92673252,32361366.663527504,-21556615.56430645,42994791.18517039,1 
-30673788.99728818,32648212.83970444,-21631536.17925833,43381640.13055045,1 
-31105341.23668773,32935297.333493706,-21918620.673047602,43768929.622176275,1 
-31216335.5785294,33222606.32105612,-21991026.050790522,44156724.53711273,1 
-31650090.518222425,33510189.015759792,-22278608.745494187,44545190.135356694,1 
-31760324.792645574,33798058.38454135,-22348314.76403013,44934426.67894516,1 
-32197057.199071735,34086248.70681532,-22636505.086304087,45324463.232169665,1 
-32306895.172731094,34374699.77637052,-22704066.14486737,45715090.703220636,1 
-32745924.09532769,34663388.02911703,-22992754.397613876,46106363.34519253,1 
-32855259.374216616,34952373.37380384,-23057619.851646543,46498541.422208,1 
-33297981.79224039,35241726.38548177,-23346972.86332447,46891717.380894944,1 
-33407827.306006517,35531357.293606296,-23409642.80844573,47285765.869112775,1 
-33854006.9962841,35821262.626521975,-23699548.1413614,47680686.294188306,1 
-119289.63682419698,98937.78008447502,-89876.96633446838,133035.77537355112,0 
-126315.9956089289,107389.2342412634,-97299.26779649698,142857.05082393705,0 
-137797.64284860497,116163.67420596362,-106073.7077611972,153020.8437450249,0 
-145203.13329631693,125270.25915671806,-113888.98676713869,163535.66070053919,0 
-157438.58544594122,134709.02513045308,-123327.75274087374,174409.4295523156,0 
-177935.06426861946,154596.66511067346,-141415.32331420528,197197.90678756378,0 
-185362.09312505292,165054.1670783051,-149321.13139159133,209120.5933135859,0 
-199033.32432806958,175854.8296172341,-160121.79393052036,221395.73019685404,0 
-206329.34004791858,186988.86974496435,-167953.6776437707,234013.1885779556,0 
-220697.1253173797,198453.1140838467,-179417.92198265306,246969.52258163126,0 
-227876.90359248262,210249.32933353807,-187191.85618951087,260266.6989555634,0 
-242934.52083849232,222369.53544825508,-199312.06230422793,273897.08977381134,0 
-696774.567552104,839443.1081295308,-624664.639647004,947401.6591589437,0 
-3593347.773471295,4027180.62606618,-2572345.690023243,4673752.292081136,0 
-3662831.803342033,4079382.121082166,-2624547.1850392297,4733860.640392818,1 
-3683214.0762827406,4131979.818499505,-2633993.792759715,4794409.463075615,1 
-3753674.3851974774,4185002.6832692567,-2687016.6575294663,4855426.9618563065,1 
-3774242.8580777347,4238392.957902776,-2696496.9624126325,4916854.752388814,1 
-3845636.5087053347,4292197.173439887,-2750301.177949744,4978739.622353226,1 
-3866365.9642273113,4346474.195326099,-2759807.010770488,5041132.57845548,1 
-3938955.778461219,4401351.1884725485,-2814684.003916936,5104166.117231808,1 
-3960199.999570572,4456896.482445163,-2824569.217830375,5167915.601797653,1 
-4034129.5543174427,4512975.276523736,-2880648.0119089484,5232240.798403229,1 
-4055467.645612391,4569606.202482718,-2890719.9862236553,5297201.274972408,1 
-4130777.640499107,4626811.452704968,-2947925.2364459047,5362801.210146391,1 
-4152133.9851936726,4684616.6414783085,-2958307.02428956,5429077.922155664,1 
-4228848.835911164,4742992.848596369,-3016683.23140762,5496012.792500441,1 
-4249954.514781785,4801826.825956745,-3027168.1711157076,5563487.889403867,1 
-4327805.011673168,4861117.611760701,-3086458.9569196636,5631506.547795359,1 
-4348541.747641033,4920915.13008009,-3096947.608216104,5700133.628285646,1 
-4849047.822678379,5552734.901576335,-3465579.891531593,6428245.286190525,1 
-4935979.322294125,5618939.667832828,-3531784.6577880867,6504866.796902619,1 
-5035532.010351675,5753138.046794666,-3610001.5902511957,6660304.27681903,1 
-5045883.626222636,5821217.927950564,-3621239.420257671,6739256.85099946,1 
-5136225.884975689,5889943.374861304,-3689964.867168411,6819068.809097543,1 
-5145865.438355237,5959348.404648328,-3701695.7014694433,6899796.31125181,1 
-5238099.7467723945,6029396.073907057,-3771743.3707281724,6981354.963335935,1 
-5247600.961233076,6100139.838461469,-3783743.637536181,7063813.871854038,1 
-5341819.9554047305,6171612.015402769,-3855215.8144774805,7147199.201173327,1 
-5351468.464380652,6243731.3137051165,-3867220.256420657,7231406.676937015,1 
-5447648.36596871,6316676.969045881,-3940165.91176142,7316608.544190473,1 
-5457352.342797048,6390425.342598153,-3952505.803169053,7402751.801561053,1 
-5555478.0125636,6464842.71173938,-4026923.1723102797,7489754.121952919,1 
-5565104.624436075,6539960.5347744785,-4039315.8947219397,7577656.179737305,1 
-5665320.782656046,6615883.80591387,-4115239.1658613314,7666559.0453677615,1 
-5674867.389013754,6692610.469694288,-4127772.874093719,7756474.321512429,1 
-5786980.62975958,6848609.093506867,-4218080.871182441,7939609.826165482,1 
-5891900.516984135,6927775.805538106,-4297247.5832136795,8032710.817560378,1 
-6127785.230122363,7251315.983593027,-4484970.952189205,8414661.732761199,1 
-6773022.002517294,8187847.447664846,-4990951.8588759545,9531596.288093587,1 
-6893233.131053463,8276609.6484487355,-5079714.059659842,9637982.632319901,1 
-6908988.879465287,8366054.0971494205,-5095165.826890949,9745234.15480289,0 
-7031167.546201569,8456261.909469595,-5185373.639211126,9853410.674507275,1 
-7048381.144459285,8547235.686729815,-5201786.150421394,9962512.869404292,1 
-7172619.971905831,8638958.489393916,-5293508.953085495,10072535.804577228,1 
-7191488.849287119,8731571.292277683,-5311009.881453164,10183621.136890627,1 
-7318293.799427468,8825288.348613724,-5404726.937789205,10295983.159035912,1 
-7339291.75929779,8919979.175249672,-5423805.900648547,10409469.645377843,1 
-7468289.260280613,9015381.47479083,-5519208.200189706,10523808.079364901,1 
-7621791.392181348,9208400.39057681,-5636183.452032252,10755131.130092243,1 
-7645912.675391201,9305963.53612374,-5657381.098362336,10872053.374943938,1 
-7778706.436166244,9404118.080862736,-5755535.643101334,10989716.035641814,1 
-7804281.117109906,9502831.138019223,-5777634.245507332,11108079.373810198,1 
-7938724.7587886695,9602055.838202236,-5876858.945690346,11227115.735045519,1 
-7965740.012840748,9701806.371389665,-5899799.866405258,11346821.960598879,1 
-8610409.334888784,10413762.423913896,-6380248.786055146,12203464.399609786,1 
-120799.74488659242,100826.03621146419,-91387.07439686383,134049.72392902555,0 
-127926.43529199211,109413.78939347995,-98909.7074795602,143972.17478172606,0 
-139548.99979467693,118329.14662118893,-107825.06470726916,154241.26053104352,0 
-147059.76331308793,127581.39954664445,-115745.6167839097,164865.63694831633,0 
-159445.56065478752,137170.51071245476,-125334.72794972002,175852.9560465772,0 
-167104.80595212302,147105.4692101971,-133420.0998507581,187196.20109936318,0 
-187734.08373081722,167992.96244464914,-151693.1219973556,210929.4803149228,0 
-201573.07753457243,178961.38758431686,-162661.54713702327,223334.57276445933,0 
-208965.327881018,190267.2104399662,-170589.66547687014,236085.77750800896,0 
-223508.8565583087,201907.1981866782,-182229.65322358208,249179.59621016053,0 
-230780.83294673584,213882.94106501108,-190095.78554376413,262617.8140300614,0 
-246021.58905240637,226186.28603938897,-202399.13051814196,276392.62102326425,0 
-253233.05914087236,238818.4446779256,-210260.524938601,290505.0819944866,0 
-269160.84206102847,251775.8131426301,-223217.89340330556,304951.0922905919,0 
-732445.6684447179,875542.2530331288,-656714.674246169,982500.1457952637,0 
-3698125.665374548,4136034.800582595,-2659841.0470717447,4773878.705577339,1 
-3718715.027578242,4189384.9689337607,-2669494.744055216,4834978.2659103945,1 
-3789933.22963088,4243165.726841412,-2723275.501962869,4896550.80893656,1 
-3882872.4051015703,4351889.937340031,-2787537.074345979,5020984.186789323,1 
-3903813.1127977013,4406939.603014734,-2797254.159340878,5083943.847705711,1 
-3998640.533334193,4518927.288854796,-2863009.751593994,5211877.763878775,1 
-4073363.1336124446,4575799.128464752,-2919881.5912039503,5276787.406304818,1 
-4094915.6431050734,4633230.158424794,-2930167.9837163365,5342337.522260932,1 
-4171032.7785883625,4691242.549243617,-2988180.374535159,5408532.984139696,1 
-4192605.0983362105,4749862.643498355,-2998778.137432097,5475411.825788569,1 
-4270142.827074076,4809061.728636789,-3057977.222570532,5542955.6448382195,1 
-4291467.139102085,4868725.650531253,-3068680.795436007,5611045.842460488,1 
-4370154.490702193,4928853.291043933,-3128808.4359486876,5679685.621497164,1 
-4391111.511834038,4989495.0074148765,-3139517.372409111,5748940.06368715,1 
-4471220.25060704,5050744.757789303,-3200767.122783535,5818924.799071658,1 
-4491765.448683254,5112516.388365785,-3211526.1106247273,5889550.173651006,1 
-4573303.296426461,5174845.188754215,-3273854.9110131576,5960874.705441102,1 
-4592932.405567635,5237843.256503239,-3284753.6260748906,6033031.392267657,1 
-4676375.290343987,5301663.231317366,-3348573.600889016,6106174.071501479,1 
-4694898.46535758,5366293.988296604,-3359947.5716037955,6180306.566888129,1 
-4780203.272159157,5431532.706394385,-3425186.2897015763,6255223.852496022,1 
-4796504.817902946,5497271.629288124,-3436380.1421525246,6330764.595027969,1 
-4883150.100403629,5563512.389322918,-3502620.9021873185,6406937.919021137,1 
-4897089.48867817,5630198.040444786,-3513621.5575313843,6483684.436005046,1 
-4984950.172775056,5697331.9911824195,-3580755.5082690185,6560998.217473921,1 
-4996167.1915856805,5765044.215427655,-3591734.6266138908,6639010.251739066,1 
-5096172.120437348,5902445.848785516,-3671527.914472383,6797492.500460368,1 
-5187477.683681314,5972134.600187168,-3741216.665874035,6878014.992645256,1 
-5197308.060432026,6042512.143685019,-3753138.3235462317,6959456.787796499,1 
-5290524.201865179,6113541.645959741,-3824167.8258209554,7041734.675848698,1 
-5300220.09630505,6185278.359918014,-3836362.7726081554,7124919.325152024,1 
-5395443.840506719,6257755.286889328,-3908839.6995794685,7209038.064282624,1 
-5405292.564366361,6330889.8096002415,-3921044.3564063665,7293985.92460406,1 
-5502501.898913486,6404864.897900071,-3995019.444706196,7379939.110995043,1 
-5512416.0380590465,6479656.294931013,-4007569.4984310507,7466844.469073229,1 
-5611595.233634802,6555127.189881444,-4083040.393381481,7554615.608367259,1 
-5621430.595273319,6631309.117138195,-4095641.865559184,7643292.823523726,1 
-5722722.33591455,6708307.9706988465,-4172640.7191198356,7732977.975812342,1 
-5732475.419218315,6786122.025269687,-4185380.904298279,7823682.776272088,1 
-5836133.09979469,6864782.627525526,-4264041.506554117,7915481.705579657,1 
-5845894.323901614,6944330.944247734,-4276994.565324478,8008415.889486954,1 
-5951936.640543846,7024620.085696649,-4357283.706773393,8102325.199205121,1 
-5961724.682849544,7105688.322280642,-4370221.741094526,8197270.820628014,1 
-6070129.012277956,7187501.625018157,-4452035.043832041,8293227.119768344,1 
-6080202.631579362,7269857.877771952,-4464823.825912081,8389992.664391784,1 
-6190541.712188166,7352761.486114879,-4547727.434255008,8487566.533513129,1 
-6200867.880738579,7436223.997277828,-4560418.036463853,8585937.572729547,0 
-6313093.9673650805,7520256.591518836,-4644450.630704863,8685125.683263768,1 
-6323874.649462309,7604824.651777377,-4657236.842038,8785109.94194692,1 
-6437901.661155088,7689909.672770314,-4742321.863030937,8885831.244941302,1 
-6708816.2080631945,8124569.899685735,-4957375.526506606,9401865.466108564,1 
-6828443.960328789,8213308.715564273,-5046114.342385144,9507489.196116988,1 
-6843152.681051044,8302686.829183873,-5061082.537409704,9613924.534921054,1 
-6964638.343601141,8392723.56398169,-5151119.27220752,9721203.03802351,1 
-6980649.49586764,8483453.311396264,-5166826.443293302,9829354.513681041,1 
-7104125.695619872,8574958.65673239,-5258331.788629429,9938440.723266035,1 
-7121613.925765708,8667242.077502375,-5275018.931727818,10048461.91305631,1 
-7247174.503820045,8760286.630774263,-5368063.484999706,10159412.803869033,1 
-7266338.962800534,8854234.982371237,-5385859.99496658,10271437.02405479,1 
-7725916.693610696,9436925.16979612,-5737385.11658183,10965732.447509976,1 
-7860132.858425889,9536502.118575267,-5836962.065360981,11084402.255337834,1 
-7886085.781765526,9636646.864433542,-5859438.91016295,11203779.239789544,1 
-8021969.08409846,9737311.225270728,-5960103.271000134,11323834.04260363,1 
-8049379.035475517,9838511.627097113,-5983438.889040026,11444566.213508219,1 
-8558709.17410536,10456251.296612237,-6366496.383692479,12183201.926592005,1 
-8701290.038442265,10560884.402528388,-6471129.489608631,12308552.705150306,1 
-8734548.189603359,10665882.66490138,-6497520.382230611,12434421.49884126,1 
-134545.79927234226,113691.44705648863,-103166.71823054893,148663.7499170795,0 
-142601.0224514097,123363.62312489942,-111640.80440627814,159740.87090200058,0 
-225047.14013259107,201818.5700926347,-183533.25281596417,248527.18607173205,0 
-233391.71483706092,214575.3671092841,-192446.80347064513,262805.4377072239,0 
-249618.6640923328,227707.48188720882,-205578.91824856988,277467.90085929557,0 
-257819.8973352694,241215.1755505702,-214411.4515515154,292515.04182957055,0 
-274824.64213414607,255088.89579462458,-228285.1717955698,307937.6694618617,0 
-282948.67916634155,269326.9294909064,-237100.13993441823,323733.9161399179,0 
-300712.0719135215,283923.79682851234,-251697.00727202414,339898.0119079366,0 
-308715.6545070628,298854.10469828785,-260505.35166860808,356395.9567593441,0 
-327172.86364833853,314122.30075102544,-275773.54772134573,373240.8302124857,0 
-361422.1585598779,361878.0533930126,-308610.0835628826,425823.32226481976,0 
-381294.37199539173,378450.6526206261,-325182.6827904961,444021.1518121149,0 
-388460.14083729254,395352.6413138509,-333448.0235336061,462558.4091366926,0 
-409049.3745781141,412579.97627881763,-350675.3584985728,481440.2486707065,0 
-416078.9299441051,430147.85563315375,-358849.9556697752,500682.1114946933,0 
-501933.0714512719,542561.231744865,-438481.0161099782,623255.811677826,0 
-525261.8672660216,562432.6993890452,-458352.48375415837,644836.2855676976,0 
-531427.2693189837,582627.3081703493,-466103.66216064355,666746.268259652,0 
-555427.6542417533,603156.8323409257,-486633.18633121974,688998.3312575436,0 
-561473.9873428382,624014.3710397835,-494292.2855911202,711586.2136927103,0 
-586150.812652906,645204.0030772855,-515481.91762862226,734514.7170779002,0 
-591974.0755828237,666721.0374503246,-522972.1048547298,757779.824623344,0 
-617320.9449580762,688560.4943518551,-544811.5617562605,781378.3720737183,0 
-622893.3621592696,710719.997809057,-552098.4137219284,805308.8113210755,0 
-648896.4973314039,733191.7033231417,-574570.119236013,829563.6245683319,0 
-654208.1477809371,755978.4947650507,-581679.0534056702,854145.9087402048,0 
-680865.7681035132,779079.8204041686,-604780.3790447882,879055.2071379028,0 
-685738.1068140722,802509.3106900488,-611536.4028452465,904305.8722822405,0 
-713092.3884830638,826280.143150687,-635307.2353058846,929911.832026354,0 
-717439.7289821316,850387.0846552121,-641621.5205928547,955868.4090667057,0 
-745560.7254503166,874895.5296061633,-666129.9655438059,982241.083610013,0 
-749932.0803434519,899864.0482989881,-672481.1541860108,1009088.2006167239,0 
-779025.2849670917,925316.052098367,-697933.1579853899,1036433.0833154859,0 
-783761.0433469273,951262.8616296833,-704535.6153798846,1064358.5527648616,0 
-814279.4569435843,977679.6313250419,-730952.3850752432,1092883.8695358126,0 
-819751.9415247191,1004590.1693565382,-737770.4321062833,1122052.847290952,0 
-851940.2730351572,1032011.7499079584,-765192.0126577034,1151891.1830108084,0 
-858416.6457183661,1060004.3667614397,-772320.6166089845,1182494.9031503838,0 
-892962.1142273105,1088575.1498935206,-800891.3997410652,1213996.8978123781,0 
-901599.2618652944,1117758.331220519,-808441.9254872714,1246561.3408294818,0 
-939800.3448333674,1147609.2838661973,-838292.8781329503,1280344.6160421902,0 
-2474285.014894996,2775040.235377805,-1842420.6222729492,3208432.6154950736,0 
-2536973.321988101,2820279.5127660115,-1887659.8996611557,3261622.958988075,0 
-3119404.317099994,3477149.459116809,-2270835.7944349577,4031774.9153082273,0 
-3136774.48607224,3525248.1881560376,-2277219.4460764714,4088116.336364728,0 
-3202990.913593263,3573484.299927404,-2325455.5578478375,4144616.4235246256,0 
-4439054.290111179,5016403.863234746,-3165771.759038013,5813877.232811511,1 
-4462546.784339497,5079576.503438372,-3177050.780179005,5886388.710098043,1 
-4546332.043579735,5143376.552218995,-3240850.828959629,5959617.454058375,0 
-4569879.951062419,5207832.61723764,-3252473.354587557,6033605.919165311,0